0
0.706892049575016
0.706892049575016
0.721710880387751
0.721710880387751
0.711508234401802
0.711508234401802
0.7356786316915
0.7356786316915
0.727151355778626
0.727151355778626
0.732896249490571
0.732896249490571
0.7210754232241
0.7210754232241
0.727898259713986
0.727898259713986
0.712078950414732
0.712078950414732
0.685730168967489
0.685730168967489
0.69629418448093
0.69629418448093
0.696850502207502
0.696850502207502
0.701998365420086
0.701998365420086
0.698086423488553
0.698086423488553
0.692621517621412
0.692621517621412
0.660543431648559
0.660543431648559
0.666048245757078
0.666048245757078
0.663292048694938
0.663292048694938
0.647066971846755
0.647066971846755
0.63488050872662
0.63488050872662
0.641912234581708
0.641912234581708
0.58939731359859
0.58939731359859
0.587774604444941
0.587774604444941
0.568939198160263
0.568939198160263
0.599815015754327
0.599815015754327
0.57652407970201
0.57652407970201
0.567072157004242
0.567072157004242
0.561627527583424
0.561627527583424
0.552679260326826
0.552679260326826
0.518074735495435
0.518074735495435
0.505530985274779
0.505530985274779
0.467488836273965
0.467488836273965
0.471004440942703
0.471004440942703
0.478398003072582
0.478398003072582
0.434344264347834
0.434344264347834
0.422078271941396
0.422078271941396
0.360731874895711
0.360731874895711
0.362471713186038
0.362471713186038
0.368696168072129
0.368696168072129
0.354456832729569
0.354456832729569
0.33385776580626
0.33385776580626
0.362116244011311
0.362116244011311
0.335149065029861
0.335149065029861
0.239068770676553
0.239068770676553
0.248196939292205
0.248196939292205
0.246315610744472
0.246315610744472
0.219262014278672
0.219262014278672
0.197473594762683
0.197473594762683
0.220405457168354
0.220405457168354
0.186411396512986
0.186411396512986
0.168996257850788
0.168996257850788
0.129224636783922
0.129224636783922
0.111180169289973
0.111180169289973
0.120244680457071
0.120244680457071
0.132654790109857
0.132654790109857
0.119214802557281
0.119214802557281
0.0696824187129736
0.0696824187129736
0.048025047894279
0.048025047894279
0.0376596983764521
0.0376596983764521
0.0340561246513963
0.0340561246513963
0.0578123019119849
0.0578123019119849
0.0459580729166738
0.0459580729166738
0.0575044166944941
0.0575044166944941
0.000227242259051145
0.000227242259051145
-0.0144309083666498
-0.0144309083666498
-0.0251264244197361
-0.0251264244197361
-0.0294785597356683
-0.0294785597356683
-0.00972134182918048
-0.00972134182918048
-0.00964218233884504
-0.00964218233884504
-0.021639308052427
-0.021639308052427
-0.00668837758424085
-0.00668837758424085
-0.076839560983588
-0.076839560983588
-0.0725154315392431
-0.0725154315392431
-0.0683872728645174
-0.0683872728645174
-0.0555696422701728
-0.0555696422701728
-0.0676343208483313
-0.0676343208483313
-0.083107199579762
-0.083107199579762
-0.0740769124138377
-0.0740769124138377
-0.108950768482339
-0.108950768482339
-0.101310315770291
-0.101310315770291
-0.0914061416192547
-0.0914061416192547
-0.0916558302508884
-0.0916558302508884
-0.0947074260569737
-0.0947074260569737
-0.111836258938437
-0.111836258938437
-0.0759557934138563
-0.0759557934138563
-0.142305866193503
-0.142305866193503
-0.125280878424654
-0.125280878424654
-0.121713933754946
-0.121713933754946
-0.122641767190104
-0.122641767190104
-0.076004345925656
-0.076004345925656
-0.106153220854728
-0.106153220854728
-0.0973246299890261
-0.0973246299890261
-0.115131542750937
-0.115131542750937
-0.13609822908011
-0.13609822908011
-0.100461580569351
-0.100461580569351
-0.113389864062375
-0.113389864062375
-0.108938360379014
-0.108938360379014
-0.121942032226073
-0.121942032226073
-0.105246726240371
-0.105246726240371
-0.114025326496373
-0.114025326496373
-0.102004104235647
-0.102004104235647
-0.117028825171729
-0.117028825171729
-0.106253393933856
-0.106253393933856
-0.100197253685971
-0.100197253685971
-0.120694517090101
-0.120694517090101
-0.0938173016657058
-0.0938173016657058
-0.0842016396916975
-0.0842016396916975
-0.136723946671367
-0.136723946671367
-0.109267517831514
-0.109267517831514
-0.102747625190355
-0.102747625190355
-0.110010838756823
-0.110010838756823
-0.0961219070723114
-0.0961219070723114
-0.101466024486284
-0.101466024486284
-0.102317729270528
-0.102317729270528
-0.0803765516087353
-0.0803765516087353
-0.0743735087588942
-0.0743735087588942
-0.0933247918296054
-0.0933247918296054
-0.10916926972483
-0.10916926972483
-0.087185074545619
-0.087185074545619
-0.0761843551708439
-0.0761843551708439
-0.0943230048106247
-0.0943230048106247
-0.0877532934347823
-0.0877532934347823
-0.0885822399633641
-0.0885822399633641
-0.0853569436960504
-0.0853569436960504
-0.074029861035307
-0.074029861035307
-0.0514683181409918
-0.0514683181409918
-0.0630340774720296
-0.0630340774720296
-0.0420954673393382
-0.0420954673393382
-0.0540739291609727
-0.0540739291609727
-0.0581516840791757
-0.0581516840791757
-0.059597021863608
-0.059597021863608
-0.0614053771114828
-0.0614053771114828
-0.0728486284842321
-0.0728486284842321
-0.0569999782171045
-0.0569999782171045
-0.0694664633896393
-0.0694664633896393
-0.0604724586293052
-0.0604724586293052
-0.0598662110180263
-0.0598662110180263
-0.023917036990646
-0.023917036990646
-0.0537124872559656
-0.0537124872559656
-0.0370627469284977
-0.0370627469284977
-0.0209032256359153
-0.0209032256359153
-0.00990202802448173
-0.00990202802448173
-0.038510236834397
-0.038510236834397
-0.0402540631800832
-0.0402540631800832
-0.0180291684736924
-0.0180291684736924
-0.0289909794993135
-0.0289909794993135
-0.0537672087077523
-0.0537672087077523
-0.0521868205640558
-0.0521868205640558
-0.0101503990711182
-0.0101503990711182
-0.0264901236840211
-0.0264901236840211
0.016196570097641
0.016196570097641
0.0181536411860109
0.0181536411860109
0.0255434066949484
0.0255434066949484
0.0172742920528179
0.0172742920528179
0.0166363674076505
0.0166363674076505
-0.00327581588032511
-0.00327581588032511
0.006772676994334
0.006772676994334
0.0262086610265609
0.0262086610265609
-0.00567544462100959
-0.00567544462100959
-0.0107749974821641
-0.0107749974821641
0.0107421701701682
0.0107421701701682
0.0321569614879191
0.0321569614879191
0.0163874361588937
0.0163874361588937
0.016702612190296
0.016702612190296
0.0101188631164554
0.0101188631164554
0.00344077486407875
0.00344077486407875
0.0452518841111862
0.0452518841111862
0.0413702915934681
0.0413702915934681
0.0319286379750414
0.0319286379750414
0.0450031274170884
0.0450031274170884
0.0267387694971656
0.0267387694971656
0.0529037121845136
0.0529037121845136
0.0278406213205798
0.0278406213205798
0.0291964820017745
0.0291964820017745
0.0143895726988268
0.0143895726988268
0.0259207624063483
0.0259207624063483
0.0487925124537413
0.0487925124537413
0.0520019278870461
0.0520019278870461
0.0247758306691981
0.0247758306691981
0.0528832300129688
0.0528832300129688
0.0254992624004084
0.0254992624004084
0.0294556439855838
0.0294556439855838
0.0709964512867279
0.0709964512867279
0.0369182591836313
0.0369182591836313
0.0362899494550295
0.0362899494550295
0.0213495599279045
0.0213495599279045
0.0280085968396594
0.0280085968396594
0.0478672475197188
0.0478672475197188
0.0216583114657123
0.0216583114657123
0.0390365182905444
0.0390365182905444
0.0745086747589641
0.0745086747589641
0.0514610000171326
0.0514610000171326
0.0518834295143214
0.0518834295143214
0.0427788861643085
0.0427788861643085
0.0317612538198821
0.0317612538198821
0.0480973750647025
0.0480973750647025
0.0868456608636668
0.0868456608636668
0.0873466062497579
0.0873466062497579
0.0937106736480761
0.0937106736480761
0.0963667864712579
0.0963667864712579
0.0660760996928261
0.0660760996928261
0.0563285733606159
0.0563285733606159
0.0726409281041935
0.0726409281041935
0.0539370380551454
0.0539370380551454
0.0836189983834087
0.0836189983834087
0.0445395293377058
0.0445395293377058
0.0836767441530262
0.0836767441530262
0.0577805248837667
0.0577805248837667
0.0672526072432139
0.0672526072432139
0.0262477595465265
0.0262477595465265
0.0498261295333208
0.0498261295333208
0.0912391764932508
0.0912391764932508
0.0737221568874254
0.0737221568874254
0.0688594702552096
0.0688594702552096
0.0699321741160365
0.0699321741160365
0.0756103489343425
0.0756103489343425
0.0590426026465776
0.0590426026465776
0.0739576098883503
0.0739576098883503
0.0771894842490365
0.0771894842490365
0.0930943247235562
0.0930943247235562
0.0781107287298037
0.0781107287298037
0.0896627092928965
0.0896627092928965
0.106134364443347
0.106134364443347
0.111858636047975
0.111858636047975
0.0667968526204093
0.0667968526204093
0.0797629863062152
0.0797629863062152
0.0854255686265761
0.0854255686265761
0.0631109489588292
0.0631109489588292
0.0724506545391268
0.0724506545391268
0.0857886424125857
0.0857886424125857
0.0726426857190243
0.0726426857190243
0.0816089927993007
0.0816089927993007
0.0805707776585892
0.0805707776585892
0.102742184053415
0.102742184053415
0.0883063013531944
0.0883063013531944
0.0908857844911245
0.0908857844911245
0.0745396811263028
0.0745396811263028
0.0904941135909432
0.0904941135909432
0.074489266169535
0.074489266169535
0.0798603493611316
0.0798603493611316
0.117021621794684
0.117021621794684
0.0816012875911271
0.0816012875911271
0.0961070909723064
0.0961070909723064
0.0732764785178416
0.0732764785178416
0.102362615613055
0.102362615613055
0.103004097846136
0.103004097846136
0.121837731401161
0.121837731401161
0.0950890773746941
0.0950890773746941
0.104455889290416
0.104455889290416
0.0984290068760871
0.0984290068760871
0.0959014614798317
0.0959014614798317
0.10765865437589
0.10765865437589
0.0841820627951441
0.0841820627951441
0.103928370955386
0.103928370955386
0.0983324511055038
0.0983324511055038
0.115850908126467
0.115850908126467
0.112207381697381
0.112207381697381
0.10850290046823
0.10850290046823
0.0854161058315278
0.0854161058315278
0.0949236303156188
0.0949236303156188
0.102499576587795
0.102499576587795
0.112547497121596
0.112547497121596
0.108846904983187
0.108846904983187
0.129038021505272
0.129038021505272
0.100987663420893
0.100987663420893
0.108476413614768
0.108476413614768
0.0613130086878071
0.0613130086878071
0.0903708724540143
0.0903708724540143
0.103719142622817
0.103719142622817
0.103449899669767
0.103449899669767
0.0824010085593028
0.0824010085593028
0.108881357836712
0.108881357836712
0.0968878564838255
0.0968878564838255
0.0792676114369358
0.0792676114369358
0.0789599671066867
0.0789599671066867
0.106329857980778
0.106329857980778
0.100415950564959
0.100415950564959
0.119867538882761
0.119867538882761
0.10137516980438
0.10137516980438
0.0884496484837791
0.0884496484837791
0.124201661220143
0.124201661220143
0.125811132505454
0.125811132505454
0.107030857023015
0.107030857023015
0.0767021754912866
0.0767021754912866
0.0912522296532665
0.0912522296532665
0.0879980428688542
0.0879980428688542
0.0625129990668417
0.0625129990668417
0.099378762324497
0.099378762324497
0.0866964140932183
0.0866964140932183
0.0971395584894791
0.0971395584894791
0.0790117654592491
0.0790117654592491
0.106182605368175
0.106182605368175
0.0773623671767677
0.0773623671767677
0.0924232973389614
0.0924232973389614
0.0829208594368704
0.0829208594368704
0.129248840008138
0.129248840008138
0.086853255143871
0.086853255143871
0.0637766095019183
0.0637766095019183
0.0921386932709732
0.0921386932709732
0.0721674346661694
0.0721674346661694
0.110637767132546
0.110637767132546
0.096615833668119
0.096615833668119
0.0984518059751859
0.0984518059751859
0.0900723715784521
0.0900723715784521
0.104622181139543
0.104622181139543
0.0634663791568163
0.0634663791568163
0.088224826035776
0.088224826035776
0.106456708668687
0.106456708668687
0.0993388852784417
0.0993388852784417
0.0960340236012993
0.0960340236012993
0.113501537775216
0.113501537775216
0.0999170467356439
0.0999170467356439
0.121195742763926
0.121195742763926
0.0906626361074707
0.0906626361074707
0.0771189201048997
0.0771189201048997
0.0997170513002615
0.0997170513002615
0.0892203173847378
0.0892203173847378
0.0921942081333456
0.0921942081333456
0.0902083353539639
0.0902083353539639
0.0777950447414749
0.0777950447414749
0.0634729194123693
0.0634729194123693
0.0742096575670348
0.0742096575670348
0.11994839655128
0.11994839655128
0.0846193756807668
0.0846193756807668
0.0780486531331377
0.0780486531331377
0.0760581921711809
0.0760581921711809
0.0813517106077543
0.0813517106077543
0.103396430682957
0.103396430682957
0.113168582395752
0.113168582395752
0.0839377877250428
0.0839377877250428
0.0747815634535673
0.0747815634535673
0.105858198894988
0.105858198894988
0.0981202886195351
0.0981202886195351
0.0950806138228923
0.0950806138228923
0.0788682346544457
0.0788682346544457
0.063782810154227
0.063782810154227
0.107399542796846
0.107399542796846
0.0797956583199304
0.0797956583199304
0.086371937465006
0.086371937465006
0.0815448252651114
0.0815448252651114
0.0758032514456222
0.0758032514456222
0.105023766523872
0.105023766523872
0.0774271808870694
0.0774271808870694
0.0755996829580732
0.0755996829580732
0.0882737940216159
0.0882737940216159
0.0661371876153036
0.0661371876153036
0.119374536745795
0.119374536745795
0.070637831133658
0.070637831133658
0.105926082880967
0.105926082880967
0.0899535498522996
0.0899535498522996
0.106205538416746
0.106205538416746
0.0789599120868971
0.0789599120868971
0.0783938327207032
0.0783938327207032
0.0843907101792161
0.0843907101792161
0.0646736283269428
0.0646736283269428
0.0843845962584965
0.0843845962584965
0.0753131114563323
0.0753131114563323
0.0777028529709289
0.0777028529709289
0.0690574485836832
0.0690574485836832
0.11225746074153
0.11225746074153
0.096801439337675
0.096801439337675
0.0903037379774367
0.0903037379774367
0.0621127977102211
0.0621127977102211
0.0889049514687073
0.0889049514687073
0.118284049961945
0.118284049961945
0.110893260561197
0.110893260561197
0.0790451205586847
0.0790451205586847
0.0674668830496722
0.0674668830496722
0.0807177719438385
0.0807177719438385
0.0699178688606489
0.0699178688606489
0.0611673640325382
0.0611673640325382
0.0621574080401769
0.0621574080401769
0.0875335496586404
0.0875335496586404
0.0822920840228411
0.0822920840228411
0.0478719479181047
0.0478719479181047
0.0793987331394021
0.0793987331394021
0.0644868393019056
0.0644868393019056
0.0737479557799579
0.0737479557799579
0.108008813091844
0.108008813091844
0.101331692848611
0.101331692848611
0.059316025398906
0.059316025398906
0.0923210727305682
0.0923210727305682
0.0604647141006036
0.0604647141006036
0.0748774766706066
0.0748774766706066
0.0716735686191678
0.0716735686191678
0.0688673669582808
0.0688673669582808
0.0714467883959545
0.0714467883959545
0.0779808352084087
0.0779808352084087
0.0750846240002189
0.0750846240002189
0.0668928336349349
0.0668928336349349
0.0720478601643622
0.0720478601643622
0.094234328163298
0.094234328163298
0.0839747191975664
0.0839747191975664
0.0681853298371261
0.0681853298371261
0.0814732627441508
0.0814732627441508
0.0715778814942321
0.0715778814942321
0.0585503540686387
0.0585503540686387
0.0407286315908355
0.0407286315908355
0.0560812950123999
0.0560812950123999
0.0843677079347191
0.0843677079347191
0.0845570627987337
0.0845570627987337
0.0714455344837627
0.0714455344837627
0.0888584979351745
0.0888584979351745
0.0685207376883901
0.0685207376883901
0.0845110287203918
0.0845110287203918
0.0796534869627469
0.0796534869627469
0.0845442649309135
0.0845442649309135
0.0792482843751852
0.0792482843751852
0.0642132768180883
0.0642132768180883
0.112223567414812
0.112223567414812
0.0693075349152813
0.0693075349152813
0.0909714067808678
0.0909714067808678
0.0783906991585366
0.0783906991585366
0.07520145991194
0.07520145991194
0.0567419764153263
0.0567419764153263
0.111694316943028
0.111694316943028
0.101164668258436
0.101164668258436
0.0987625396774165
0.0987625396774165
0.0821924725766904
0.0821924725766904
0.0593321053983343
0.0593321053983343
0.0793670647903579
0.0793670647903579
0.0815975667820164
0.0815975667820164
0.0766845988384259
0.0766845988384259
0.0642200541165635
0.0642200541165635
0.0881986068711501
0.0881986068711501
0.0850427501163941
0.0850427501163941
0.0681457732518227
0.0681457732518227
0.0392605651706412
0.0392605651706412
0.0408011359337614
0.0408011359337614
0.0791824694159046
0.0791824694159046
0.0636373712500277
0.0636373712500277
0.0821315527406114
0.0821315527406114
0.0435339725238338
0.0435339725238338
0.0651062093497963
0.0651062093497963
0.0875973299816947
0.0875973299816947
0.0740313214972211
0.0740313214972211
0.0614614360223724
0.0614614360223724
0.0767713907074165
0.0767713907074165
0.055437471338502
0.055437471338502
0.0804041931226548
0.0804041931226548
0.0927308163511672
0.0927308163511672
0.0929920327155344
0.0929920327155344
0.0782591275709192
0.0782591275709192
0.0673501645670775
0.0673501645670775
0.0614538321091247
0.0614538321091247
0.0615621072144311
0.0615621072144311
0.0992747479544312
0.0992747479544312
0.0827945889693654
0.0827945889693654
0.0640733612494042
0.0640733612494042
0.071881656949022
0.071881656949022
0.0348946796920513
0.0348946796920513
0.0652142375204928
0.0652142375204928
0.0571309724738365
0.0571309724738365
0.0762980119053462
0.0762980119053462
0.0778319394095193
0.0778319394095193
0.100359045968536
0.100359045968536
0.154155114527187
0.154155114527187
0.149489033350234
0.149489033350234
0.197114992470969
0.197114992470969
0.191077363556793
0.191077363556793
0.207169485973771
0.207169485973771
0.212375901188088
0.212375901188088
0.275329713344161
0.275329713344161
0.246908223304255
0.246908223304255
0.276906868465999
0.276906868465999
0.290597906395254
0.290597906395254
0.29122038256597
0.29122038256597
0.321609531527212
0.321609531527212
0.33357694421911
0.33357694421911
0.326130101373133
0.326130101373133
0.356171444283092
0.356171444283092
0.342807373826049
0.342807373826049
0.337125897072449
0.337125897072449
0.348529396038903
0.348529396038903
0.319221040495217
0.319221040495217
0.356144291079485
0.356144291079485
0.349544968175255
0.349544968175255
0.346496725348102
0.346496725348102
0.343307045700708
0.343307045700708
0.343110569741164
0.343110569741164
0.321466041462009
0.321466041462009
0.327514475129981
0.327514475129981
0.311449439994918
0.311449439994918
0.308486694773174
0.308486694773174
0.310667464293428
0.310667464293428
0.294178734972446
0.294178734972446
0.28489325425238
0.28489325425238
0.312849522056299
0.312849522056299
0.297837978796844
0.297837978796844
0.312072960476064
0.312072960476064
0.265433352471995
0.265433352471995
0.260624827124507
0.260624827124507
0.279435099738653
0.279435099738653
0.262964337671357
0.262964337671357
0.241817401620052
0.241817401620052
0.228214807590539
0.228214807590539
0.259713638500726
0.259713638500726
0.204372804323487
0.204372804323487
0.223985734777304
0.223985734777304
0.17598180260496
0.17598180260496
0.165462098541459
0.165462098541459
0.162422814026203
0.162422814026203
0.175322380233592
0.175322380233592
0.152619224022827
0.152619224022827
0.163772275997174
0.163772275997174
0.120613696769845
0.120613696769845
0.132382769901397
0.132382769901397
0.105589638943441
0.105589638943441
0.101574198669229
0.101574198669229
0.0830452737694472
0.0830452737694472
0.115961286671886
0.115961286671886
0.0778568550412068
0.0778568550412068
0.0671166120100273
0.0671166120100273
0.0617651990710857
0.0617651990710857
0.033767296455576
0.033767296455576
0.0419234938952758
0.0419234938952758
0.0197809230652007
0.0197809230652007
0.0272909171565465
0.0272909171565465
-0.0150527834179891
-0.0150527834179891
-0.0188222683322992
-0.0188222683322992
-0.0502178426259087
-0.0502178426259087
-0.080248233885554
-0.080248233885554
-0.0386737128266838
-0.0386737128266838
-0.0720038094780304
-0.0720038094780304
-0.0493800868225263
-0.0493800868225263
-0.0860521335552906
-0.0860521335552906
-0.0890315207427676
-0.0890315207427676
-0.114178595433538
-0.114178595433538
-0.153084698397465
-0.153084698397465
-0.127483266292478
-0.127483266292478
-0.159758878173055
-0.159758878173055
-0.187399555839311
-0.187399555839311
-0.140288357676254
-0.140288357676254
-0.19144847601419
-0.19144847601419
-0.211314307811051
-0.211314307811051
-0.185070980844329
-0.185070980844329
-0.210593682920575
-0.210593682920575
-0.233814236183712
-0.233814236183712
-0.229256933336348
-0.229256933336348
-0.266837718168071
-0.266837718168071
-0.244813633065597
-0.244813633065597
-0.256161979070851
-0.256161979070851
-0.279228335098416
-0.279228335098416
-0.294153483594016
-0.294153483594016
-0.257918756654629
-0.257918756654629
-0.278193114541343
-0.278193114541343
-0.292628859175734
-0.292628859175734
-0.328292022798471
-0.328292022798471
-0.290138847251131
-0.290138847251131
-0.291120233643598
-0.291120233643598
-0.33789212061359
-0.33789212061359
-0.344648211033858
-0.344648211033858
-0.345804741800944
-0.345804741800944
-0.362973009996496
-0.362973009996496
-0.368690701432419
-0.368690701432419
-0.399472927876541
-0.399472927876541
-0.407037229373463
-0.407037229373463
-0.358961500382099
-0.358961500382099
-0.384041530976899
-0.384041530976899
-0.360308458695704
-0.360308458695704
-0.410487798338471
-0.410487798338471
-0.414840693709464
-0.414840693709464
-0.39501310907097
-0.39501310907097
-0.409094277293567
-0.409094277293567
-0.420581823103117
-0.420581823103117
-0.44161752974776
-0.44161752974776
-0.436988109371746
-0.436988109371746
-0.439179337081349
-0.439179337081349
-0.454113581274107
-0.454113581274107
-0.426168886542854
-0.426168886542854
-0.462934268422875
-0.462934268422875
-0.449627817798027
-0.449627817798027
-0.459056816783154
-0.459056816783154
-0.455972508429046
-0.455972508429046
-0.468771915685064
-0.468771915685064
-0.48505688512497
-0.48505688512497
-0.480096400180175
-0.480096400180175
-0.492026420127742
-0.492026420127742
-0.494956204007826
-0.494956204007826
-0.485309662085685
-0.485309662085685
-0.477311843407985
-0.477311843407985
-0.48763899853093
-0.48763899853093
-0.492303748891535
-0.492303748891535
-0.519145530846695
-0.519145530846695
-0.495301313535771
-0.495301313535771
-0.491978944131015
-0.491978944131015
-0.475944562037878
-0.475944562037878
-0.478564305140416
-0.478564305140416
-0.462707314181197
-0.462707314181197
-0.44409328212278
-0.44409328212278
-0.408365708832389
-0.408365708832389
-0.419829590279693
-0.419829590279693
-0.4047174771703
-0.4047174771703
-0.438413458745138
-0.438413458745138
-0.406910031422033
-0.406910031422033
-0.408199435656589
-0.408199435656589
-0.390757769435457
-0.390757769435457
-0.359667472179866
-0.359667472179866
-0.357134506144728
-0.357134506144728
-0.362783450673793
-0.362783450673793
-0.352451671608618
-0.352451671608618
-0.334913867088629
-0.334913867088629
-0.35125610562322
-0.35125610562322
-0.334339057676449
-0.334339057676449
-0.318043551968964
-0.318043551968964
-0.279089430773271
-0.279089430773271
-0.322074883767235
-0.322074883767235
-0.279894473095165
-0.279894473095165
-0.265136999519536
-0.265136999519536
-0.294432576069971
-0.294432576069971
-0.252831952539404
-0.252831952539404
-0.254216522372832
-0.254216522372832
-0.256997129950058
-0.256997129950058
-0.259778965029536
-0.259778965029536
-0.245815581827564
-0.245815581827564
-0.239863323169272
-0.239863323169272
-0.231854335807886
-0.231854335807886
-0.263517974121525
-0.263517974121525
-0.25293557099729
-0.25293557099729
-0.231094269638936
-0.231094269638936
-0.216991243501968
-0.216991243501968
-0.243903983438915
-0.243903983438915
-0.16493770091601
-0.16493770091601
-0.233858370373209
-0.233858370373209
-0.250186055099332
-0.250186055099332
-0.218488534823643
-0.218488534823643
-0.248993815221081
-0.248993815221081
-0.195910061175722
-0.195910061175722
-0.209361965463995
-0.209361965463995
-0.242420103002306
-0.242420103002306
-0.276517377886186
-0.276517377886186
-0.196957151484131
-0.196957151484131
-0.200475867112654
-0.200475867112654
-0.129214192453681
-0.129214192453681
-0.187522747531155
-0.187522747531155
-0.256149340297087
-0.256149340297087
-0.336745190117636
-0.336745190117636
-0.307937024017228
-0.307937024017228
-0.151766405730814
-0.151766405730814
-0.208964510339379
-0.208964510339379
-0.353190457962595
-0.353190457962595
-0.265138278048129
-0.265138278048129
-0.448359665931044
-0.448359665931044
-0.251664233292595
-0.251664233292595
-0.317087903450606
-0.317087903450606
-0.397576326170153
-0.397576326170153
-0.380963305644814
-0.380963305644814
-0.631312586423975
-0.631312586423975
-1.0144319546706
-1.0144319546706
-1.084833244286
-1.084833244286
