0
0.730521318761408
0.730521318761408
0.703877847859105
0.703877847859105
0.731495759323692
0.731495759323692
0.728773685045952
0.728773685045952
0.717465672872687
0.717465672872687
0.722666492056044
0.722666492056044
0.719395071545571
0.719395071545571
0.708488686478464
0.708488686478464
0.718278381947394
0.718278381947394
0.709095678279563
0.709095678279563
0.711452166345076
0.711452166345076
0.700815350581099
0.700815350581099
0.697371279758179
0.697371279758179
0.686540447576116
0.686540447576116
0.667501362652302
0.667501362652302
0.681163017479422
0.681163017479422
0.660553387578034
0.660553387578034
0.653945200088449
0.653945200088449
0.64509343995973
0.64509343995973
0.631685777174796
0.631685777174796
0.641437383075162
0.641437383075162
0.604485870638518
0.604485870638518
0.597719007899235
0.597719007899235
0.588641791515113
0.588641791515113
0.586818814707647
0.586818814707647
0.587360324314261
0.587360324314261
0.581711495278504
0.581711495278504
0.562505514845349
0.562505514845349
0.497533490115157
0.497533490115157
0.48907851730342
0.48907851730342
0.492965491869147
0.492965491869147
0.502533503210139
0.502533503210139
0.447399572419455
0.447399572419455
0.451000363577601
0.451000363577601
0.457642003195796
0.457642003195796
0.444408401456827
0.444408401456827
0.367109658898597
0.367109658898597
0.370753261682536
0.370753261682536
0.379809280929017
0.379809280929017
0.342197916275935
0.342197916275935
0.343866604265976
0.343866604265976
0.31633309354004
0.31633309354004
0.289404057209575
0.289404057209575
0.244926120574182
0.244926120574182
0.262017657324149
0.262017657324149
0.261578681886119
0.261578681886119
0.227404835141941
0.227404835141941
0.213108813876043
0.213108813876043
0.221861923763478
0.221861923763478
0.152086757804887
0.152086757804887
0.146066811643103
0.146066811643103
0.14167156639721
0.14167156639721
0.1392413677475
0.1392413677475
0.0962404667400922
0.0962404667400922
0.133521983982852
0.133521983982852
0.143107187760901
0.143107187760901
0.0312099094275976
0.0312099094275976
0.065670032711578
0.065670032711578
0.0345263399779214
0.0345263399779214
0.055741235864422
0.055741235864422
0.0143613941231422
0.0143613941231422
0.0386853792294642
0.0386853792294642
0.0178141495315527
0.0178141495315527
-0.0159449353626318
-0.0159449353626318
-0.00331613236887709
-0.00331613236887709
-0.0389356335067738
-0.0389356335067738
-0.0393583599908148
-0.0393583599908148
-0.00831820087737501
-0.00831820087737501
0.0039172969208733
0.0039172969208733
-0.0437488366620072
-0.0437488366620072
-0.0318841213454397
-0.0318841213454397
-0.079847498289249
-0.079847498289249
-0.0621424746742362
-0.0621424746742362
-0.0756262879720281
-0.0756262879720281
-0.070619461509528
-0.070619461509528
-0.0549621235163432
-0.0549621235163432
-0.0590231154850882
-0.0590231154850882
-0.0560133667893737
-0.0560133667893737
-0.112426446123106
-0.112426446123106
-0.0955731545233669
-0.0955731545233669
-0.0821750316590245
-0.0821750316590245
-0.0907112574137728
-0.0907112574137728
-0.0806601449573607
-0.0806601449573607
-0.0787979436168568
-0.0787979436168568
-0.0907690818114242
-0.0907690818114242
-0.122814997523993
-0.122814997523993
-0.123829323350986
-0.123829323350986
-0.119335444765054
-0.119335444765054
-0.130319414241298
-0.130319414241298
-0.089930516276429
-0.089930516276429
-0.106684578005669
-0.106684578005669
-0.127663827927959
-0.127663827927959
-0.125337543129164
-0.125337543129164
-0.12669325737645
-0.12669325737645
-0.111267105495069
-0.111267105495069
-0.111781390902181
-0.111781390902181
-0.123608708308929
-0.123608708308929
-0.105623175513031
-0.105623175513031
-0.129542918111266
-0.129542918111266
-0.0918613516440295
-0.0918613516440295
-0.107647003894688
-0.107647003894688
-0.134631444799879
-0.134631444799879
-0.0884539414566112
-0.0884539414566112
-0.115721772919041
-0.115721772919041
-0.118168854422754
-0.118168854422754
-0.102243064143814
-0.102243064143814
-0.110820892096487
-0.110820892096487
-0.106801179889598
-0.106801179889598
-0.0762971400794742
-0.0762971400794742
-0.112343119835816
-0.112343119835816
-0.10649459658335
-0.10649459658335
-0.100298886865059
-0.100298886865059
-0.088719668394308
-0.088719668394308
-0.0986062305330251
-0.0986062305330251
-0.0948061048441583
-0.0948061048441583
-0.0724245379996939
-0.0724245379996939
-0.0767029530704831
-0.0767029530704831
-0.078195957071276
-0.078195957071276
-0.084086759448941
-0.084086759448941
-0.0811435306118467
-0.0811435306118467
-0.0738192961123861
-0.0738192961123861
-0.0793200737443634
-0.0793200737443634
-0.0504340321605703
-0.0504340321605703
-0.0820571913964423
-0.0820571913964423
-0.061135458298361
-0.061135458298361
-0.0736583474744392
-0.0736583474744392
-0.072620138452374
-0.072620138452374
-0.057717308773119
-0.057717308773119
-0.0781694203324822
-0.0781694203324822
-0.0738518874304088
-0.0738518874304088
-0.0431319181569151
-0.0431319181569151
-0.041274220133295
-0.041274220133295
-0.0600096315522794
-0.0600096315522794
-0.0485598635591515
-0.0485598635591515
-0.0674040366459858
-0.0674040366459858
-0.0310266662621042
-0.0310266662621042
-0.0165558744771896
-0.0165558744771896
-0.039990360131062
-0.039990360131062
-0.0297193968030387
-0.0297193968030387
-0.0500017819068996
-0.0500017819068996
-0.0240789688970788
-0.0240789688970788
-0.013703079758763
-0.013703079758763
-0.0353468843971542
-0.0353468843971542
-0.0271537040970081
-0.0271537040970081
-0.0197952918130303
-0.0197952918130303
-0.0219454146214591
-0.0219454146214591
-0.0236073142889922
-0.0236073142889922
-0.0258481196576984
-0.0258481196576984
-0.00904356928930507
-0.00904356928930507
-0.0312003969304847
-0.0312003969304847
-0.0197930220097886
-0.0197930220097886
-0.00881833132194696
-0.00881833132194696
-0.0260370062110373
-0.0260370062110373
-0.0161101609046241
-0.0161101609046241
-0.0124852009264938
-0.0124852009264938
0.00752922068090794
0.00752922068090794
-0.0211047621415382
-0.0211047621415382
-0.0173758960222562
-0.0173758960222562
0.0100431894631599
0.0100431894631599
0.0275433735125747
0.0275433735125747
0.0257927736641689
0.0257927736641689
0.0330785180643187
0.0330785180643187
0.0465469949042728
0.0465469949042728
0.00241760582301208
0.00241760582301208
0.0347242764454607
0.0347242764454607
0.00901750778832554
0.00901750778832554
0.0139326930728205
0.0139326930728205
0.0339953660285577
0.0339953660285577
0.0237258658123738
0.0237258658123738
0.015464685595876
0.015464685595876
0.0321647741931594
0.0321647741931594
0.0486437562829822
0.0486437562829822
0.0229548277516908
0.0229548277516908
0.0423781764862341
0.0423781764862341
0.0474343464732353
0.0474343464732353
0.04097259969297
0.04097259969297
0.0485905025507005
0.0485905025507005
0.0437222501326142
0.0437222501326142
0.0183771194748919
0.0183771194748919
0.0341806244724589
0.0341806244724589
0.0420166525755044
0.0420166525755044
0.0462145842304967
0.0462145842304967
0.0591475571458707
0.0591475571458707
0.0275641468499079
0.0275641468499079
0.069468793244278
0.069468793244278
0.0576840970413529
0.0576840970413529
0.0593192080365853
0.0593192080365853
0.0502919549532403
0.0502919549532403
0.0573728008538134
0.0573728008538134
0.0865092987609396
0.0865092987609396
0.0762408111378527
0.0762408111378527
0.053653227092273
0.053653227092273
0.067476989036035
0.067476989036035
0.0781711020449399
0.0781711020449399
0.0609971405468629
0.0609971405468629
0.0630535205620144
0.0630535205620144
0.0652686059446096
0.0652686059446096
0.089536112386589
0.089536112386589
0.0608794458967313
0.0608794458967313
0.072905221782749
0.072905221782749
0.0559160185494634
0.0559160185494634
0.0885995743814405
0.0885995743814405
0.0680507877129696
0.0680507877129696
0.0870296118189915
0.0870296118189915
0.082620532925871
0.082620532925871
0.0431333156363328
0.0431333156363328
0.0920248111269348
0.0920248111269348
0.0788155272810066
0.0788155272810066
0.0715852264796707
0.0715852264796707
0.0959395930646616
0.0959395930646616
0.0476775506366523
0.0476775506366523
0.0605057628321177
0.0605057628321177
0.0747000963487681
0.0747000963487681
0.0572936564018222
0.0572936564018222
0.0461954254285553
0.0461954254285553
0.0925759482513342
0.0925759482513342
0.0720175960666022
0.0720175960666022
0.0837781832913038
0.0837781832913038
0.08732954579678
0.08732954579678
0.0823394336793093
0.0823394336793093
0.0712622109562137
0.0712622109562137
0.0733536725363502
0.0733536725363502
0.0785588475703631
0.0785588475703631
0.0534879753533627
0.0534879753533627
0.086701764552434
0.086701764552434
0.0800005398510481
0.0800005398510481
0.0800978719685038
0.0800978719685038
0.102388692501299
0.102388692501299
0.102299848060007
0.102299848060007
0.0841749863361259
0.0841749863361259
0.104851188153907
0.104851188153907
0.0950078212177369
0.0950078212177369
0.102959003982491
0.102959003982491
0.0968024932784402
0.0968024932784402
0.0989512755533032
0.0989512755533032
0.0751267881337178
0.0751267881337178
0.0737109013249081
0.0737109013249081
0.0899421413867953
0.0899421413867953
0.082917707732536
0.082917707732536
0.089075510531292
0.089075510531292
0.105647445534658
0.105647445534658
0.0933759734027268
0.0933759734027268
0.0792029946936337
0.0792029946936337
0.0882339600229075
0.0882339600229075
0.0762780761807201
0.0762780761807201
0.0686649024279062
0.0686649024279062
0.0614253903397783
0.0614253903397783
0.102514187989866
0.102514187989866
0.102596304361598
0.102596304361598
0.0929129077812583
0.0929129077812583
0.0946520161124008
0.0946520161124008
0.077655249965316
0.077655249965316
0.0714574443923388
0.0714574443923388
0.0996634023386076
0.0996634023386076
0.0955419824228681
0.0955419824228681
0.11042972307502
0.11042972307502
0.0997372221571585
0.0997372221571585
0.0870388264534564
0.0870388264534564
0.0926294369460058
0.0926294369460058
0.115717834263186
0.115717834263186
0.121320676249204
0.121320676249204
0.111540595002524
0.111540595002524
0.114483688545926
0.114483688545926
0.105879895122428
0.105879895122428
0.110574362612564
0.110574362612564
0.111999409344243
0.111999409344243
0.100321692782733
0.100321692782733
0.0960745444622495
0.0960745444622495
0.117781539078543
0.117781539078543
0.121910450516243
0.121910450516243
0.0895120114770626
0.0895120114770626
0.0926459934535712
0.0926459934535712
0.0960998485972401
0.0960998485972401
0.093181004760083
0.093181004760083
0.110754317791904
0.110754317791904
0.108600370958023
0.108600370958023
0.0841052780087659
0.0841052780087659
0.092180671446491
0.092180671446491
0.0892260248967768
0.0892260248967768
0.073056297735861
0.073056297735861
0.0758137630715131
0.0758137630715131
0.0894773835984934
0.0894773835984934
0.0708096937979559
0.0708096937979559
0.0963990780381558
0.0963990780381558
0.0925178068997862
0.0925178068997862
0.0817745326364985
0.0817745326364985
0.0743093817599923
0.0743093817599923
0.101890429254675
0.101890429254675
0.0748801862282179
0.0748801862282179
0.1109521391156
0.1109521391156
0.0928780112042417
0.0928780112042417
0.0991585249743611
0.0991585249743611
0.117701459814565
0.117701459814565
0.0936672317202066
0.0936672317202066
0.104832592927893
0.104832592927893
0.122699659980951
0.122699659980951
0.123652038129176
0.123652038129176
0.114345150339556
0.114345150339556
0.10883368976044
0.10883368976044
0.0770832027744152
0.0770832027744152
0.0720926668189359
0.0720926668189359
0.0618988170882831
0.0618988170882831
0.0819789406017908
0.0819789406017908
0.0886273264916766
0.0886273264916766
0.122436069467294
0.122436069467294
0.0691762462787928
0.0691762462787928
0.0799068310857153
0.0799068310857153
0.0710927776531984
0.0710927776531984
0.0953771631372118
0.0953771631372118
0.0819282390820198
0.0819282390820198
0.0821758641797045
0.0821758641797045
0.092234756997527
0.092234756997527
0.0927998606682237
0.0927998606682237
0.113524664853141
0.113524664853141
0.125750690129603
0.125750690129603
0.100215124004401
0.100215124004401
0.0807417365863924
0.0807417365863924
0.0905261705840431
0.0905261705840431
0.102223609871759
0.102223609871759
0.078085502889009
0.078085502889009
0.0823645150565406
0.0823645150565406
0.0901306271934289
0.0901306271934289
0.0940228223960588
0.0940228223960588
0.0989137581787014
0.0989137581787014
0.111634133949944
0.111634133949944
0.0924843914438098
0.0924843914438098
0.0781262263670245
0.0781262263670245
0.0992782875297452
0.0992782875297452
0.0976078314723908
0.0976078314723908
0.0792300448852092
0.0792300448852092
0.080052649179503
0.080052649179503
0.0899448034983728
0.0899448034983728
0.0855333104321045
0.0855333104321045
0.0748816665657635
0.0748816665657635
0.0674801306809885
0.0674801306809885
0.110432299165896
0.110432299165896
0.072357201354331
0.072357201354331
0.0913861538111033
0.0913861538111033
0.0686840024397647
0.0686840024397647
0.081107107541067
0.081107107541067
0.0813908744149367
0.0813908744149367
0.101831366296531
0.101831366296531
0.0915867768862145
0.0915867768862145
0.11558568857854
0.11558568857854
0.0936671054032762
0.0936671054032762
0.0907812082335471
0.0907812082335471
0.0973479819553352
0.0973479819553352
0.0905679915370814
0.0905679915370814
0.0986024831253006
0.0986024831253006
0.0901151367281627
0.0901151367281627
0.0590091540626411
0.0590091540626411
0.105460539184582
0.105460539184582
0.0917880372384037
0.0917880372384037
0.0845814505103646
0.0845814505103646
0.122188645799089
0.122188645799089
0.0830692173916869
0.0830692173916869
0.0766758140739292
0.0766758140739292
0.070566235754757
0.070566235754757
0.0675366112172778
0.0675366112172778
0.0928978638680907
0.0928978638680907
0.0735139446247746
0.0735139446247746
0.0784379649254306
0.0784379649254306
0.0774314925040226
0.0774314925040226
0.11888969316876
0.11888969316876
0.106490251872617
0.106490251872617
0.082084804399334
0.082084804399334
0.066667633360555
0.066667633360555
0.0923424965713003
0.0923424965713003
0.0967985012263589
0.0967985012263589
0.1018131952707
0.1018131952707
0.0752879531205963
0.0752879531205963
0.0745354644117498
0.0745354644117498
0.0908388360333562
0.0908388360333562
0.0942203306004675
0.0942203306004675
0.0531065930617387
0.0531065930617387
0.0737584165787113
0.0737584165787113
0.0722201432556829
0.0722201432556829
0.0674856852386335
0.0674856852386335
0.0869952475290561
0.0869952475290561
0.0875082316935343
0.0875082316935343
0.0858495447919338
0.0858495447919338
0.090657326372608
0.090657326372608
0.0587993548552196
0.0587993548552196
0.0949898851575579
0.0949898851575579
0.093301988085758
0.093301988085758
0.110098253292891
0.110098253292891
0.0661486194187063
0.0661486194187063
0.0587424856703988
0.0587424856703988
0.0701215328659411
0.0701215328659411
0.0656406461780791
0.0656406461780791
0.0776834979142329
0.0776834979142329
0.0634804263112028
0.0634804263112028
0.0588208275864882
0.0588208275864882
0.0707546764023543
0.0707546764023543
0.0915494157676348
0.0915494157676348
0.0474970320230837
0.0474970320230837
0.0585618575718952
0.0585618575718952
0.0546611348900286
0.0546611348900286
0.0718702815526849
0.0718702815526849
0.0641185407562427
0.0641185407562427
0.0885366543671835
0.0885366543671835
0.0731766799338176
0.0731766799338176
0.055732274515045
0.055732274515045
0.0854781416992913
0.0854781416992913
0.0894372578658268
0.0894372578658268
0.0606194565683266
0.0606194565683266
0.0641651176632043
0.0641651176632043
0.104574121510583
0.104574121510583
0.101119066867345
0.101119066867345
0.0785317264234301
0.0785317264234301
0.0884383639973305
0.0884383639973305
0.065316767465969
0.065316767465969
0.0613668562582757
0.0613668562582757
0.0910782763524067
0.0910782763524067
0.0838432798377256
0.0838432798377256
0.0667576797933024
0.0667576797933024
0.0547729542811329
0.0547729542811329
0.0889034019272965
0.0889034019272965
0.0872607326402474
0.0872607326402474
0.0717745096200948
0.0717745096200948
0.0762891473738459
0.0762891473738459
0.0728061194266055
0.0728061194266055
0.0929960220903948
0.0929960220903948
0.0304716972852326
0.0304716972852326
0.0864024874767447
0.0864024874767447
0.0833310375670221
0.0833310375670221
0.0626079349165809
0.0626079349165809
0.0375495688270447
0.0375495688270447
0.0629296355584321
0.0629296355584321
0.0941852762928542
0.0941852762928542
0.0518760299652508
0.0518760299652508
0.0644095636144417
0.0644095636144417
0.073444459346033
0.073444459346033
0.0500857684945273
0.0500857684945273
0.0557937803518521
0.0557937803518521
0.0588386429840353
0.0588386429840353
0.0497436241834878
0.0497436241834878
0.0607103608908956
0.0607103608908956
0.0792317381197596
0.0792317381197596
0.0713846992697265
0.0713846992697265
0.0551205022225326
0.0551205022225326
0.0910521776623101
0.0910521776623101
0.0451864504718114
0.0451864504718114
0.0884827394760695
0.0884827394760695
0.0681057674072144
0.0681057674072144
0.0759704901303713
0.0759704901303713
0.0672829929179803
0.0672829929179803
0.0816447294791168
0.0816447294791168
0.0652420300227589
0.0652420300227589
0.0707546550005395
0.0707546550005395
0.0460583123538638
0.0460583123538638
0.0371633753848696
0.0371633753848696
0.0557187487363276
0.0557187487363276
0.0459139302155336
0.0459139302155336
0.077092201866476
0.077092201866476
0.132515418718418
0.132515418718418
0.126368192970281
0.126368192970281
0.177274756651303
0.177274756651303
0.190587618945364
0.190587618945364
0.185317959787852
0.185317959787852
0.218259843882323
0.218259843882323
0.239897133422887
0.239897133422887
0.265773359621409
0.265773359621409
0.274084181555089
0.274084181555089
0.313917317698367
0.313917317698367
0.302706131976552
0.302706131976552
0.27507926210089
0.27507926210089
0.286030533161026
0.286030533161026
0.29399170468016
0.29399170468016
0.321571148645819
0.321571148645819
0.329650691913404
0.329650691913404
0.318468840105085
0.318468840105085
0.362485610166195
0.362485610166195
0.336049655654039
0.336049655654039
0.351767033535514
0.351767033535514
0.355057632340945
0.355057632340945
0.346181242605507
0.346181242605507
0.372207389334868
0.372207389334868
0.357585109102447
0.357585109102447
0.338350784143588
0.338350784143588
0.324105203321715
0.324105203321715
0.335740120374333
0.335740120374333
0.322337905752344
0.322337905752344
0.311319195747083
0.311319195747083
0.305057677211327
0.305057677211327
0.32073913334469
0.32073913334469
0.324024729313826
0.324024729313826
0.297432234415089
0.297432234415089
0.28987958924381
0.28987958924381
0.284779673229487
0.284779673229487
0.311820198633689
0.311820198633689
0.281134850929154
0.281134850929154
0.279452318691534
0.279452318691534
0.26876461881079
0.26876461881079
0.257191929854709
0.257191929854709
0.215033546442046
0.215033546442046
0.248906091463895
0.248906091463895
0.227249981237501
0.227249981237501
0.191404160249849
0.191404160249849
0.205012028068703
0.205012028068703
0.216115729897662
0.216115729897662
0.191855404460023
0.191855404460023
0.187819621119705
0.187819621119705
0.159932302469029
0.159932302469029
0.147643278103935
0.147643278103935
0.135169855829864
0.135169855829864
0.129979230413665
0.129979230413665
0.119864445707663
0.119864445707663
0.077861944834724
0.077861944834724
0.090541991044655
0.090541991044655
0.08798533765667
0.08798533765667
0.0637714164959562
0.0637714164959562
0.0683019515236712
0.0683019515236712
0.0452855700839586
0.0452855700839586
0.0367280540320137
0.0367280540320137
0.028159521690707
0.028159521690707
0.00643987842705047
0.00643987842705047
-0.033353087080638
-0.033353087080638
0.0105068320526094
0.0105068320526094
-0.0268686909581629
-0.0268686909581629
-0.037444743235353
-0.037444743235353
-0.0441925714121463
-0.0441925714121463
-0.0645465483389462
-0.0645465483389462
-0.0947708526449697
-0.0947708526449697
-0.0793564764929838
-0.0793564764929838
-0.121210631976061
-0.121210631976061
-0.111310347940611
-0.111310347940611
-0.0732746221113534
-0.0732746221113534
-0.138492055445648
-0.138492055445648
-0.129288396809774
-0.129288396809774
-0.139996727047819
-0.139996727047819
-0.183371753180436
-0.183371753180436
-0.184132406423632
-0.184132406423632
-0.172447812818851
-0.172447812818851
-0.191531773975476
-0.191531773975476
-0.197128813762951
-0.197128813762951
-0.207728230970379
-0.207728230970379
-0.195000720621709
-0.195000720621709
-0.257641187113872
-0.257641187113872
-0.247735549386052
-0.247735549386052
-0.220998784407596
-0.220998784407596
-0.225569532619308
-0.225569532619308
-0.250671603398567
-0.250671603398567
-0.253498038450704
-0.253498038450704
-0.294373891782532
-0.294373891782532
-0.289732841558491
-0.289732841558491
-0.303854269760993
-0.303854269760993
-0.279990081443861
-0.279990081443861
-0.313295735861426
-0.313295735861426
-0.336161021549752
-0.336161021549752
-0.306875414115885
-0.306875414115885
-0.312498286923334
-0.312498286923334
-0.350954105482812
-0.350954105482812
-0.353876418275476
-0.353876418275476
-0.36822354005934
-0.36822354005934
-0.357117392745375
-0.357117392745375
-0.385388601433278
-0.385388601433278
-0.367396752884855
-0.367396752884855
-0.394159866978068
-0.394159866978068
-0.393778245451121
-0.393778245451121
-0.381448361911868
-0.381448361911868
-0.394178852016713
-0.394178852016713
-0.427526667393055
-0.427526667393055
-0.42694441847116
-0.42694441847116
-0.422607770348524
-0.422607770348524
-0.405449780260743
-0.405449780260743
-0.438580082129081
-0.438580082129081
-0.411180206678711
-0.411180206678711
-0.442217308300422
-0.442217308300422
-0.448665492917622
-0.448665492917622
-0.450335737737724
-0.450335737737724
-0.46219202326203
-0.46219202326203
-0.448673989561524
-0.448673989561524
-0.449295306488638
-0.449295306488638
-0.462183220992851
-0.462183220992851
-0.47652271974167
-0.47652271974167
-0.471933772327365
-0.471933772327365
-0.491027152725163
-0.491027152725163
-0.473256850969936
-0.473256850969936
-0.476954396640592
-0.476954396640592
-0.464399469081993
-0.464399469081993
-0.485965000274207
-0.485965000274207
-0.49549317707139
-0.49549317707139
-0.481958123505172
-0.481958123505172
-0.493239018210127
-0.493239018210127
-0.48721587632381
-0.48721587632381
-0.481336526409642
-0.481336526409642
-0.478866668070663
-0.478866668070663
-0.459676617383317
-0.459676617383317
-0.456509891509855
-0.456509891509855
-0.421054895928528
-0.421054895928528
-0.448480721337324
-0.448480721337324
-0.441180435191758
-0.441180435191758
-0.412249491625376
-0.412249491625376
-0.40084668548022
-0.40084668548022
-0.398679940373721
-0.398679940373721
-0.381939688783809
-0.381939688783809
-0.386724136782415
-0.386724136782415
-0.379831472035645
-0.379831472035645
-0.382166760834117
-0.382166760834117
-0.36415651722533
-0.36415651722533
-0.348176543745782
-0.348176543745782
-0.354860414238462
-0.354860414238462
-0.314270260599904
-0.314270260599904
-0.317803165140532
-0.317803165140532
-0.289523695946178
-0.289523695946178
-0.307618542252375
-0.307618542252375
-0.331687876135242
-0.331687876135242
-0.311497999918894
-0.311497999918894
-0.238688716327107
-0.238688716327107
-0.284942482364846
-0.284942482364846
-0.295991047602625
-0.295991047602625
-0.279711625750919
-0.279711625750919
-0.270925027823642
-0.270925027823642
-0.255235109441251
-0.255235109441251
-0.281635588397044
-0.281635588397044
-0.256236789736556
-0.256236789736556
-0.260368844004442
-0.260368844004442
-0.22417821585452
-0.22417821585452
-0.204499811939032
-0.204499811939032
-0.267430919218833
-0.267430919218833
-0.261922130019672
-0.261922130019672
-0.191887928263092
-0.191887928263092
-0.258730998077927
-0.258730998077927
-0.282700439599094
-0.282700439599094
-0.242711001315978
-0.242711001315978
-0.191278296119265
-0.191278296119265
-0.201516141720754
-0.201516141720754
-0.26929159167064
-0.26929159167064
-0.198880583403718
-0.198880583403718
-0.190440635142636
-0.190440635142636
-0.226115425225542
-0.226115425225542
-0.177604782089657
-0.177604782089657
-0.285266707188363
-0.285266707188363
-0.30909832953279
-0.30909832953279
-0.250727192278393
-0.250727192278393
-0.222830615204838
-0.222830615204838
-0.332350134160521
-0.332350134160521
-0.350701356782248
-0.350701356782248
-0.193339484535561
-0.193339484535561
-0.356729267999962
-0.356729267999962
-0.22402057626571
-0.22402057626571
-0.418455645633182
-0.418455645633182
-0.481872026965545
-0.481872026965545
-0.334171475692717
-0.334171475692717
-0.294495406506512
-0.294495406506512
-0.390125713928621
-0.390125713928621
-0.507945028619018
-0.507945028619018
-0.832165167615207
-0.832165167615207
-1.03392778418577
-1.03392778418577
